988 487 0 80
6385 266
5939 2295
4616 3610
4233 2068
4445 4028
6057 6237
1485 9094
2187 1687
1315 7294
6304 2062
9412 7457
9276 685
7166 7061
9357 7396
4538 297
6211 194
3656 6435
743 54
1473 2996
2514 5138
4718 807
5968 7242
2435 6319
1091 8141
5056 8683
5063 9989
3442 1486
6202 9428
60 4716
9168 4558
5209 3784
9750 8588
3304 9332
3261 5346
1664 49
9467 9774
7913 7448
3737 7175
5852 4646
1635 4727
6255 2925
6035 6781
7191 1033
2026 512
7616 3949
2416 9388
3306 4076
6787 3130
9038 8433
3176 7714
4475 236
3631 7049
1288 9463
9550 955
1636 9131
2659 5533
2521 3818
4014 8680
6773 8837
7137 534
3301 7864
3803 849
9475 9723
5717 9557
4404 9323
8649 7084
3212 6881
6042 2806
417 1094
1489 6296
676 205
5082 9951
4604 2754
6533 6608
2827 3849
4808 3350
6611 4131
6008 5840
3285 9482
9451 7204
3949 4272
8924 2040
9916 392
6556 8640
8384 430
6211 723
2182 3337
2656 8290
8026 3899
987 6634
4753 4695
4127 9045
1256 4137
8061 4111
6582 3549
1186 7169
9286 1925
4451 1453
1539 1839
6907 3029
9930 1544
2291 4380
5699 2234
6435 4602
681 1796
3708 3585
8694 8458
7175 7728
8361 8995
5427 8550
9644 2363
7627 794
9563 6135
2964 6697
9686 7665
7326 7190
3663 3562
9732 7803
2606 1087
8532 6243
4029 9960
1170 630
2763 6382
406 6689
8649 783
915 2246
8296 3720
5380 6306
9972 9896
4908 5966
4318 2271
6577 119
4321 1794
1337 334
6828 2249
3481 2027
4610 3432
316 3812
1827 7224
4242 5590
5077 8344
3284 1973
5541 8379
8574 4443
1926 2209
7478 9176
3383 7635
5114 5840
9816 2865
3383 5547
5203 6120
2160 7486
9422 9216
6158 7387
1888 8768
8326 6717
4917 8225
7387 564
8024 380
3282 7883
1980 7321
6011 4364
4780 4199
2204 5516
7492 4321
7734 2954
6843 398
7322 6696
8352 1130
416 3574
5303 9804
4200 6120
8035 3458
3175 3584
2522 2597
9556 9670
2675 8269
7056 2188
7118 2028
8524 9980
9562 5075
1807 6469
9415 7281
2872 5236
1706 526
5781 7154
9072 5163
3018 7592
1654 5292
361 2367
2080 3354
3470 5781
1296 3644
1464 5014
4694 4042
2040 9142
4157 5603
2868 3185
7486 2670
9417 4864
5707 7604
3689 1107
4519 8864
3172 438
2572 1599
2421 1418
4926 3216
1006 1600
6134 6358
2748 5637
1821 9931
6725 7488
7149 2008
1013 6062
1295 4991
7413 8014
2668 2098
7132 5338
9052 525
4005 6436
9163 8114
1144 8762
9495 1046
1969 2990
522 9394
5824 3567
7370 7047
9118 6706
2781 9105
8403 6318
5125 4655
5368 8565
5787 6432
9695 5385
8591 6513
3764 975
3243 4564
2257 4057
6878 6927
4186 3529
274 1004
6858 3979
2022 2805
8047 7867
6197 1803
8537 4413
2793 9317
781 3347
6094 3566
977 1169
8449 2860
1738 3568
5982 7986
4063 1138
9236 9397
3463 3918
5732 2405
152 9845
8080 8437
6254 3218
9163 655
6120 8715
1847 2422
8169 9098
6576 6706
6405 6786
8244 4009
6699 3144
1059 9519
2083 7406
6399 6845
9593 5303
8347 7955
2551 6021
5346 8089
9776 1263
9070 9587
9310 9835
8539 1899
7733 2637
6889 5936
9441 9141
572 1819
8505 616
1018 1250
367 2925
2281 8088
8400 2148
4595 93
2942 2849
5021 834
4482 946
2397 7702
7726 1013
5456 9561
2585 7461
8313 3480
9826 9268
4611 6267
6011 5010
8878 4747
6811 2399
9714 8862
6551 1240
4396 723
469 8934
9963 3445
865 5424
2863 6343
832 1604
2414 7157
6486 7357
2216 7513
8415 8023
2288 7968
4310 947
3880 529
7591 5313
359 4212
9003 5140
9534 8196
7529 475
3959 575
6432 8751
1720 2658
3387 1546
2780 3159
8472 8201
2198 6862
2092 3718
1578 7899
661 1275
8144 5199
102 6
7675 9675
5784 2395
9215 4328
2065 7949
3577 9677
3649 2139
6876 2675
7210 9470
2841 4243
3542 6100
3111 3249
6890 5933
8524 1675
4810 909
5642 7878
8422 7716
1663 3690
9897 3366
4764 5721
4180 8507
9390 1739
2978 2336
512 5815
6553 9008
2166 6563
9664 6654
4310 6368
3613 2136
4765 469
6260 7161
5328 6157
1367 3327
5866 7967
6632 2477
6711 610
6026 6486
174 2117
5905 7691
5127 4551
2475 8970
7499 6191
3118 3196
6814 5129
8249 8451
5858 2649
6225 379
5914 2663
6424 4993
2350 3122
220 3552
321 763
7523 6881
4408 5062
4582 2659
4806 3951
8788 8760
8554 9605
2092 3111
6306 9538
8483 5983
402 9488
3490 9426
9330 3996
6554 1176
9247 4542
1463 2090
6434 5741
1751 5319
4730 8748
4437 2707
6750 13
2932 3683
5519 8121
3036 1163
7691 6440
1551 9240
4313 2631
7999 8122
3596 4085
1638 9622
8364 4789
3062 9555
5790 4923
5149 6089
8636 2263
8703 4591
7996 3482
3146 2768
6429 7746
2675 4246
6261 924
928 8543
1119 2435
7923 9357
1930 7240
5722 7131
5518 3080
3605 1373
1634 4390
1610 9485
5392 1912
5698 6710
5652 1095
6078 1576
2277 2383
7121 3722
9230 8775
1137 3570
2991 7607
4694 2347
306 9530
4620 1098
3398 3673
6783 3333
3870 6930
2882 1586
4521 7496
3244 6200
2127 2957
222 9160
9567 533
3871 1587
7575 8953
3584 4382
8647 3548
7508 726
9155 9503
1758 426
356 6107
4698 7301
1048 8164
4359 3799
5875 5436
1857 8412
6648 4135
7082 1428
7071 7157
3314 4766
3301 1739
6097 6610
9619 4408
7233 8788
1842 7525
8310 7064
8307 609
9525 3765
2845 1175
6408 4089
6978 3988
4071 5419
7010 1424
1791 6336
6406 2548
1210 2709
3121 1066
2958 7247
4236 233
1983 1317
438 4316
8783 6254
7546 9837
3937 5043
5445 1830
2240 4333
2575 9834
1801 2204
1845 1382
5177 8081
7613 8223
3935 3298
1874 7676
779 7788
911 8649
529 6250
405 3784
2258 7765
5956 9577
5590 8158
7437 6897
7678 6565
2799 9495
7430 2338
5006 1702
6329 5672
4738 5221
4514 5944
7322 4723
631 3435
887 8963
7752 2067
1697 121
1000 4437
1968 4338
8507 8058
9087 1426
9057 8669
2032 8058
5092 5353
4 4555
5606 6838
5620 8783
5819 5277
2565 2374
1647 7040
1479 3587
4182 1848
3386 5817
1672 936
9107 5442
5193 6443
9877 6307
8933 5151
506 5955
7574 1994
6412 1583
4720 8894
9882 2282
1383 4450
2341 917
186 8136
4934 1279
5510 4283
4426 1991
2449 8544
945 4318
444 1745
6489 8383
1408 1576
6824 9773
6920 6808
2663 1520
5545 6527
6166 8139
8512 4078
1544 8949
5015 521
7317 1409
3828 7494
1653 7249
3069 4133
3223 6323
3024 3479
3585 5529
5002 7923
7406 7270
7421 3340
2477 3112
1519 8553
8220 5112
7983 4919
2147 3759
6742 1207
4801 1495
9473 9807
3779 5985
5944 397
9785 6928
6934 9997
9864 7536
8100 9718
7192 9861
7536 8586
6459 2735
4072 843
759 1692
1924 4596
1716 2656
4948 8326
6158 7952
7385 753
7543 3624
6240 3919
4719 8215
8441 8626
6401 8951
4274 5627
7561 2468
5800 3783
8698 7009
6934 1506
6315 7315
6283 8891
2870 5053
7913 4747
2097 3927
8542 2802
340 3299
316 2600
5388 2509
947 2641
7085 8969
4540 498
2347 9745
5933 1961
1938 6980
3289 2396
6113 3617
4357 6542
1620 4185
4519 4088
580 5918
5637 6996
3302 7184
694 8279
1067 3336
9954 5050
8404 3234
4087 6860
1765 2980
890 5786
3688 6750
4741 7747
9094 8742
1671 122
829 2873
5663 6493
2360 7874
8507 1982
4571 8032
626 6583
3536 6680
6110 4198
6010 5941
7673 2809
3956 9106
2610 4785
4470 4211
6342 8659
2472 7698
3748 1619
9228 3601
4595 5691
774 5263
3437 8848
8977 8977
5180 9824
9467 8051
4553 7064
5239 7834
620 929
3823 3490
7123 6126
9984 4092
4858 2214
4827 358
7361 9135
8223 1879
7369 9688
5445 4848
1789 5061
9007 2952
8776 612
4514 9715
1866 7882
3563 9460
3917 7533
339 6285
7863 9310
6060 2213
945 6058
3871 2436
2612 1731
979 270
8374 2326
2391 6007
2552 4470
8913 7408
1296 310
1449 2357
1676 447
335 6401
408 7290
4596 7905
4422 4895
8338 2795
94 6018
2080 6059
5259 7715
5570 4163
8869 2854
2706 7988
4695 924
5801 5930
8335 7642
6203 3388
1508 7076
4311 4610
2547 6971
2779 8091
2057 2749
2070 3597
2770 2811
6284 9044
7069 6293
3490 9046
7786 4156
4093 7780
2455 5590
6947 1350
836 2808
8147 5204
1257 6156
5412 6452
9242 3923
1805 2538
5278 5851
134 7322
9849 4455
3406 4033
2365 7534
7358 1296
5950 3830
5452 9912
9022 6034
886 7704
6671 2517
5375 3203
270 3483
9707 2347
3293 4432
876 9948
4063 3434
9177 7307
2629 6690
2860 734
7103 5450
4982 2087
8702 8665
4047 8304
911 6609
1118 806
6285 2910
2042 2845
8135 5877
8186 6241
4636 6066
6594 6919
574 7912
8089 7802
8207 5090
5292 3925
9774 169
4653 4552
2670 3483
782 717
7855 8149
685 6273
763 7360
625 8726
8132 5755
1331 5865
6646 7827
5582 7421
3297 9317
2288 9235
689 8875
4943 6126
5992 5174
8401 3287
3465 9111
8585 4473
7485 5102
3935 1232
7908 6627
3870 5195
7835 2887
8338 5841
1107 4815
4394 8722
1200 424
6451 6214
6479 5044
9562 5596
7505 3624
2337 8745
2386 5004
2173 9933
6584 2788
6560 4530
2791 6920
9090 1709
5922 9791
2563 415
6146 5682
5799 3027
4355 4479
3955 2645
7686 8853
8364 1243
7660 3013
1724 313
95 4746
395 6582
4077 1981
7568 9162
9099 9965
2300 6322
5941 6511
7819 9004
9804 6047
5143 7059
794 8934
7436 7065
5594 6203
7112 5108
4579 7093
760 1390
5997 8294
5794 4358
5895 9935
2392 2527
917 8246
2705 542
1771 136
3342 272
9672 1108
8620 1920
1189 4435
8830 7384
72 9367
2412 4689
2191 1033
6898 3970
9555 3346
4441 6114
5241 593
2114 4020
943 728
788 8508
3102 8268
1803 6144
4274 8312
6976 5953
1080 4456
7603 9132
7643 1101
8518 5122
9347 7183
4061 6811
6754 2905
7485 2409
5065 7834
3427 7585
2481 4481
9992 6163
7107 9118
7932 2955
2318 6787
8669 2694
1831 4806
3062 2660
7824 9055
1681 6969
9989 5241
7384 3502
770 3066
6687 44
7298 1511
5688 6529
7949 5870
653 5479
7554 7753
2650 4188
5427 1723
2728 9379
6414 3741
1596 7886
6018 5696
9545 8921
5495 2254
3767 6462
9110 6061
3821 3532
8912 1597
6024 4720
104 3251
5137 2261
2038 2075
8566 5824
1372 2830
7172 6197
4881 7175
1789 2707
7361 7970
5815 6526
1020 3676
6321 4360
9250 3629
1788 2644
8031 5692
7233 8063
2476 9428
7178 9462
7096 9187
8867 6407
2688 2035
6955 8072
9092 9965
9723 6896
541 477
8674 2261
7526 946
6359 1697
9884 8365
4371 7479
4248 7792
5924 6810
7646 6126
3653 3550
7388 3322
495 598
8932 7738
656 9438
7917 1878
1698 8152
4477 1724
8364 5291
8118 5356
3431 6515
7418 5187
1180 7944
9347 2567
4466 749
9983 5086
5092 9846
2447 4123
7110 8846
100 1077
6274 2379
3320 681
4369 612
6094 8996
8262 8450
8431 6964
5774 7648
3114 1731
8971 3230
1296 2401
2400 9241
7232 4758
6508 9971
3964 6129
9203 3429
477 9968
8298 5861
3487 1602
4570 6654
2815 2866
1971 6375
2291 375
9285 8297
5398 9733
3683 2969
7060 8239
593 683
815 601
950 63
341 290
223 558
402 946
268 977
872 662
773 533
417 425
376 30
898 601
147 748
392 686
873 213
496 295
248 659
627 407
313 212
668 761
292 927
25 271
640 375
773 40
288 308
920 955
26 790
651 455
34 54
119 841
933 160
487 701
57 616
425 499
420 58
238 189
794 427
546 702
537 332
317 874
568 768
858 539
246 14
70 419
576 758
74 801
831 409
972 282
882 928
636 411
946 177
663 105
4 384
546 574
293 348
824 14
759 286
530 397
254 706
257 573
34 925
310 689
199 777
157 285
6 425
304 719
434 285
396 137
256 613
842 44
979 255
371 483
15 726
106 306
959 600
650 514
256 310
794 578
34 410
797 351
787 577
25 35
333 985
685 241
527 559
747 850
483 497
575 7
335 683
61 815
442 584
853 95
73 708
721 703
191 141
7 75
659 525
357 197
788 615
149 181
199 108
930 959
755 152
213 826
144 758
371 137
494 28
206 453
229 51
667 416
142 856
499 894
172 74
207 416
529 725
98 542
693 193
692 849
246 132
161 981
760 619
589 283
263 829
455 263
902 579
917 606
384 462
398 506
734 331
9 810
758 288
448 948
201 32
730 871
730 141
870 941
417 414
62 213
640 123
627 377
941 347
69 455
968 574
276 890
105 424
502 971
354 853
973 387
902 546
150 44
894 433
578 274
987 496
360 7
931 482
755 455
313 202
218 263
848 780
866 196
267 55
442 910
618 405
178 728
426 570
694 34
734 638
738 889
188 750
216 251
833 500
672 159
187 647
332 251
911 975
640 420
445 537
922 204
958 60
242 466
296 434
337 245
710 550
858 241
660 635
117 217
596 950
33 617
660 372
523 208
680 812
132 766
71 743
169 771
794 496
15 937
890 531
381 833
626 779
607 803
18 974
248 643
583 671
10 46
4 34
665 175
257 736
327 801
472 774
250 915
512 30
7 811
564 139
151 832
772 245
583 489
337 402
911 573
889 905
371 598
504 851
17 810
721 462
782 185
947 746
136 120
84 304
60 94
278 698
850 280
16 871
608 928
92 419
346 830
312 631
268 380
728 515
78 866
193 386
492 597
492 962
973 106
672 319
302 659
767 490
144 224
728 473
472 887
865 332
565 615
152 591
408 334
534 159
326 21
415 200
271 67
690 578
163 625
72 98
693 631
643 262
851 442
225 136
374 677
432 432
713 788
411 88
358 280
150 880
259 785
769 673
152 798
943 99
958 902
64 560
850 436
697 772
266 495
264 847
766 961
354 854
133 522
302 778
133 339
983 910
894 966
974 577
229 768
398 458
703 156
821 44
395 346
76 770
821 522
284 288
188 830
653 46
391 166
9 233
673 112
858 581
596 978
103 259
9 234
472 459
20 854
553 719
908 793
135 268
987 120
223 595
520 376
344 568
908 581
464 56
177 69
475 443
670 968
518 158
382 327
335 778
518 65
107 478
313 561
486 710
699 628
367 354
336 632
72 409
180 275
433 843
74 902
624 928
174 239
494 663
559 766
362 420
813 444
652 227
779 57
165 614
521 709
66 502
50 886
410 447
561 856
71 149
766 740
580 725
687 262
913 444
7 723
136 730
632 948
616 713
395 442
984 887
649 494
320 912
251 283
168 500
505 522
258 265
159 356
724 281
1 152
652 831
689 415
32 36
308 236
918 641
907 938
209 610
679 699
284 195
977 221
1 486
524 443
755 879
571 134
594 765
651 511
670 229
870 224
425 529
460 346
802 243
518 713
860 278
53 872
949 528
102 84
60 6
349 280
179 559
295 762
953 592
598 559
853 846
529 302
74 256
661 673
276 528
919 103
666 403
684 97
58 904
885 102
691 8
623 929
377 611
590 354
26 855
883 654
289 287
92 561
28 712
13 786
634 649
273 496
684 340
780 86
143 672
376 822
36 861
712 345
238 774
903 213
158 854
959 873
492 474
709 394
4 963
411 469
693 121
642 218
565 831
18 93
568 636
392 463
343 391
823 204
666 945
232 820
375 799
230 433
8 860
844 750
229 293
975 600
518 579
602 357
398 906
415 884
483 594
255 211
879 2
838 864
465 514
142 735
139 795
499 536
371 413
978 839
399 586
210 454
934 826
11 64
663 3
495 99
28 484
210 933
262 111
648 470
755 349
462 640
918 740
947 272
113 60
537 478
873 163
197 701
330 530
104 468
787 344
196 606
695 608
454 979 1
746 970 1
324 342 1
717 26 1
2 266 1
966 542 1
247 899 1
454 759 1
256 678 1
288 929 1
608 282 1
219 977 1
957 429 1
716 238 1
327 285 1
465 831 1
103 786 1
656 256 1
434 484 1
341 313 1
14 707 1
516 920 1
747 592 1
844 374 1
294 572 1
838 100 1
36 775 1
565 792 1
302 446 1
483 709 1
256 320 1
846 587 1
689 765 1
163 557 1
737 934 1
703 976 1
67 652 1
814 898 1
656 935 1
156 689 1
337 226 1
784 391 1
981 939 1
910 28 1
28 825 1
288 379 1
48 102 1
731 154 1
190 339 1
561 331 1
691 494 1
374 604 1
728 960 1
647 112 1
232 749 1
52 608 1
311 508 1
319 534 1
209 738 1
29 169 1
579 980 1
282 514 1
413 839 1
536 438 1
638 139 1
691 472 1
483 808 1
438 765 1
609 429 1
984 986 1
369 952 1
316 255 1
909 829 1
909 106 1
53 321 1
460 531 1
458 200 1
957 750 1
608 852 1
15 107 1
